
*********************************************************
>>> ROUND INIT 1/1; time remaining = 1.7976931348623157E308, horizon = 20
*********************************************************
**Action: [AIR($r6) = 10.0;, AIR($r5) = 10.0;, AIR($r3) = 10.0;, AIR($r2) = 10.0;, AIR($r4) = 10.0;, AIR($r1) = 10.0;]
**Action: [AIR($r2) = 10.0;, AIR($r3) = 10.0;, AIR($r5) = 10.0;, AIR($r6) = 10.0;, AIR($r4) = 10.0;, AIR($r1) = 10.0;]
**Action: [AIR($r5) = 10.0;, AIR($r1) = 10.0;, AIR($r2) = 10.0;, AIR($r4) = 10.0;, AIR($r3) = 10.0;, AIR($r6) = 10.0;]
**Action: [AIR($r1) = 10.0;, AIR($r3) = 10.0;, AIR($r5) = 10.0;, AIR($r4) = 10.0;, AIR($r2) = 10.0;, AIR($r6) = 10.0;]
**Action: [AIR($r5) = 0.0;, AIR($r3) = 3.0010059948901766;, AIR($r2) = 0.0;, AIR($r4) = 3.0010059948901766;, AIR($r6) = 3.0010059948901766;, AIR($r1) = 3.0010059948901766;]
**Action: [AIR($r5) = 2.455908576632473;, AIR($r1) = 2.962812947558291;, AIR($r4) = 2.962812947558291;, AIR($r2) = 2.455908576632473;, AIR($r6) = 2.962812947558291;, AIR($r3) = 2.962812947558291;]
**Action: [AIR($r2) = 1.593610640626325;, AIR($r4) = 3.001489295976013;, AIR($r5) = 1.593610640626325;, AIR($r1) = 3.001489295976013;, AIR($r3) = 3.001489295976013;, AIR($r6) = 3.001489295976013;]
**Action: [AIR($r1) = 2.976861325000125;, AIR($r5) = 1.9533870119920904;, AIR($r2) = 1.9533870119920904;, AIR($r3) = 2.976861325000125;, AIR($r4) = 2.976861325000125;, AIR($r6) = 2.976861325000125;]
**Action: [AIR($r1) = 2.9909704678029767;, AIR($r4) = 2.9909704678029767;, AIR($r6) = 2.9909704678029767;, AIR($r3) = 2.9909704678029767;, AIR($r2) = 1.8054095830601313;, AIR($r5) = 1.8054095830601313;]
**Action: [AIR($r4) = 2.983373793338302;, AIR($r6) = 2.983373793338302;, AIR($r3) = 2.983373793338302;, AIR($r5) = 1.8667337233744818;, AIR($r2) = 1.8667337233744818;, AIR($r1) = 2.983373793338302;]
**Action: [AIR($r1) = 2.9873117148087305;, AIR($r3) = 2.9873117148087305;, AIR($r2) = 1.8413577113824842;, AIR($r6) = 2.9873117148087305;, AIR($r5) = 1.8413577113824842;, AIR($r4) = 2.9873117148087305;]
**Action: [AIR($r5) = 1.8518830506688744;, AIR($r6) = 2.9853240187892793;, AIR($r3) = 2.9853240187892793;, AIR($r4) = 2.9853240187892793;, AIR($r1) = 2.9853240187892793;, AIR($r2) = 1.8518830506688744;]
**Action: [AIR($r3) = 2.9863083440144624;, AIR($r5) = 1.84751346128743;, AIR($r4) = 2.9863083440144624;, AIR($r1) = 2.9863083440144624;, AIR($r6) = 2.9863083440144624;, AIR($r2) = 1.84751346128743;]
**Action: [AIR($r6) = 2.985827931714502;, AIR($r2) = 1.849330484631102;, AIR($r1) = 2.985827931714502;, AIR($r5) = 1.849330484631102;, AIR($r4) = 2.985827931714502;, AIR($r3) = 2.985827931714502;]
**Action: [AIR($r2) = 1.8485737781304379;, AIR($r5) = 1.8485737781304379;, AIR($r1) = 2.9860597759402396;, AIR($r4) = 2.9860597759402396;, AIR($r3) = 2.9860597759402396;, AIR($r6) = 2.9860597759402396;]
**Action: [AIR($r5) = 1.848889451188468;, AIR($r6) = 2.985948891456859;, AIR($r4) = 2.985948891456859;, AIR($r3) = 2.985948891456859;, AIR($r1) = 2.985948891456859;, AIR($r2) = 1.848889451188468;]
**Action: [AIR($r6) = 2.986001539195249;, AIR($r1) = 2.986001539195249;, AIR($r2) = 1.848757528412689;, AIR($r4) = 2.986001539195249;, AIR($r3) = 2.986001539195249;, AIR($r5) = 1.848757528412689;]
**Action: [AIR($r6) = 2.9859766918408837;, AIR($r5) = 1.8488127656355446;, AIR($r2) = 1.8488127656355446;, AIR($r1) = 2.9859766918408837;, AIR($r4) = 2.9859766918408837;, AIR($r3) = 2.9859766918408837;]
**Action: [AIR($r3) = 2.9859883601420325;, AIR($r4) = 2.9859883601420325;, AIR($r1) = 2.9859883601420325;, AIR($r2) = 1.8487895906579055;, AIR($r5) = 1.8487895906579055;, AIR($r6) = 2.9859883601420325;]
**Action: [AIR($r2) = 1.8487993345384068;, AIR($r3) = 2.9859829037540306;, AIR($r4) = 2.9859829037540306;, AIR($r5) = 1.8487993345384068;, AIR($r1) = 2.9859829037540306;, AIR($r6) = 2.9859829037540306;]

*********************************************************
>>> ROUND END, reward = -482550.76236103027
*********************************************************

*********************************************************
>>> ROUND INIT 1/1; time remaining = 1.7976931348623157E308, horizon = 20
*********************************************************
**Action: [AIR($r1) = 10.0;, AIR($r6) = 10.0;, AIR($r4) = 10.0;, AIR($r2) = 10.0;, AIR($r5) = 10.0;, AIR($r3) = 10.0;]
**Action: [AIR($r3) = 10.0;, AIR($r2) = 10.0;, AIR($r5) = 10.0;, AIR($r6) = 10.0;, AIR($r4) = 10.0;, AIR($r1) = 10.0;]
**Action: [AIR($r6) = 10.0;, AIR($r1) = 10.0;, AIR($r2) = 10.0;, AIR($r3) = 10.0;, AIR($r4) = 10.0;, AIR($r5) = 10.0;]
**Action: [AIR($r3) = 10.0;, AIR($r2) = 10.0;, AIR($r4) = 10.0;, AIR($r6) = 10.0;, AIR($r5) = 10.0;, AIR($r1) = 10.0;]
**Action: [AIR($r1) = 3.0010059948901766;, AIR($r5) = 0.0;, AIR($r4) = 3.0010059948901766;, AIR($r3) = 3.0010059948901766;, AIR($r2) = 0.0;, AIR($r6) = 3.0010059948901766;]
**Action: [AIR($r3) = 2.962812947558291;, AIR($r6) = 2.962812947558291;, AIR($r4) = 2.962812947558291;, AIR($r1) = 2.962812947558291;, AIR($r5) = 2.455908576632473;, AIR($r2) = 2.455908576632473;]
**Action: [AIR($r2) = 1.593610640626325;, AIR($r5) = 1.593610640626325;, AIR($r6) = 3.001489295976013;, AIR($r3) = 3.001489295976013;, AIR($r1) = 3.001489295976013;, AIR($r4) = 3.001489295976013;]
**Action: [AIR($r1) = 2.976861325000125;, AIR($r5) = 1.9533870119920904;, AIR($r2) = 1.9533870119920904;, AIR($r3) = 2.976861325000125;, AIR($r4) = 2.976861325000125;, AIR($r6) = 2.976861325000125;]
**Action: [AIR($r2) = 1.8054095830601313;, AIR($r5) = 1.8054095830601313;, AIR($r3) = 2.9909704678029767;, AIR($r4) = 2.9909704678029767;, AIR($r1) = 2.9909704678029767;, AIR($r6) = 2.9909704678029767;]
**Action: [AIR($r5) = 1.8667337233744818;, AIR($r6) = 2.983373793338302;, AIR($r4) = 2.983373793338302;, AIR($r1) = 2.983373793338302;, AIR($r3) = 2.983373793338302;, AIR($r2) = 1.8667337233744818;]
**Action: [AIR($r3) = 2.9873117148087305;, AIR($r2) = 1.8413577113824842;, AIR($r4) = 2.9873117148087305;, AIR($r5) = 1.8413577113824842;, AIR($r6) = 2.9873117148087305;, AIR($r1) = 2.9873117148087305;]
**Action: [AIR($r1) = 2.9853240187892793;, AIR($r6) = 2.9853240187892793;, AIR($r2) = 1.8518830506688744;, AIR($r5) = 1.8518830506688744;, AIR($r4) = 2.9853240187892793;, AIR($r3) = 2.9853240187892793;]
**Action: [AIR($r6) = 2.9863083440144624;, AIR($r4) = 2.9863083440144624;, AIR($r5) = 1.84751346128743;, AIR($r2) = 1.84751346128743;, AIR($r3) = 2.9863083440144624;, AIR($r1) = 2.9863083440144624;]
**Action: [AIR($r1) = 2.985827931714502;, AIR($r2) = 1.849330484631102;, AIR($r4) = 2.985827931714502;, AIR($r5) = 1.849330484631102;, AIR($r3) = 2.985827931714502;, AIR($r6) = 2.985827931714502;]
**Action: [AIR($r2) = 1.8485737781304379;, AIR($r5) = 1.8485737781304379;, AIR($r4) = 2.9860597759402396;, AIR($r1) = 2.9860597759402396;, AIR($r6) = 2.9860597759402396;, AIR($r3) = 2.9860597759402396;]
**Action: [AIR($r6) = 2.985948891456859;, AIR($r1) = 2.985948891456859;, AIR($r3) = 2.985948891456859;, AIR($r5) = 1.848889451188468;, AIR($r2) = 1.848889451188468;, AIR($r4) = 2.985948891456859;]
**Action: [AIR($r3) = 2.986001539195249;, AIR($r2) = 1.848757528412689;, AIR($r6) = 2.986001539195249;, AIR($r4) = 2.986001539195249;, AIR($r5) = 1.848757528412689;, AIR($r1) = 2.986001539195249;]
**Action: [AIR($r4) = 2.9859766918408837;, AIR($r3) = 2.9859766918408837;, AIR($r5) = 1.8488127656355446;, AIR($r6) = 2.9859766918408837;, AIR($r1) = 2.9859766918408837;, AIR($r2) = 1.8488127656355446;]
**Action: [AIR($r2) = 1.8487895906579055;, AIR($r6) = 2.9859883601420325;, AIR($r1) = 2.9859883601420325;, AIR($r4) = 2.9859883601420325;, AIR($r3) = 2.9859883601420325;, AIR($r5) = 1.8487895906579055;]
**Action: [AIR($r4) = 2.9859829037540306;, AIR($r2) = 1.8487993345384068;, AIR($r3) = 2.9859829037540306;, AIR($r5) = 1.8487993345384068;, AIR($r1) = 2.9859829037540306;, AIR($r6) = 2.9859829037540306;]

*********************************************************
>>> ROUND END, reward = -482550.76236103027
*********************************************************

*********************************************************
>>> ROUND INIT 1/1; time remaining = 1.7976931348623157E308, horizon = 20
*********************************************************
**Action: [AIR($r4) = 10.0;, AIR($r6) = 10.0;, AIR($r1) = 10.0;, AIR($r3) = 10.0;, AIR($r2) = 10.0;, AIR($r5) = 10.0;]
**Action: [AIR($r4) = 10.0;, AIR($r1) = 10.0;, AIR($r3) = 10.0;, AIR($r5) = 10.0;, AIR($r2) = 10.0;, AIR($r6) = 10.0;]
**Action: [AIR($r4) = 10.0;, AIR($r3) = 10.0;, AIR($r6) = 10.0;, AIR($r2) = 10.0;, AIR($r5) = 10.0;, AIR($r1) = 10.0;]
**Action: [AIR($r2) = 10.0;, AIR($r3) = 10.0;, AIR($r1) = 10.0;, AIR($r4) = 10.0;, AIR($r5) = 10.0;, AIR($r6) = 10.0;]
**Action: [AIR($r4) = 3.0010059948901766;, AIR($r1) = 3.0010059948901766;, AIR($r5) = 0.0;, AIR($r6) = 3.0010059948901766;, AIR($r3) = 3.0010059948901766;, AIR($r2) = 0.0;]
**Action: [AIR($r5) = 2.455908576632473;, AIR($r2) = 2.455908576632473;, AIR($r1) = 2.962812947558291;, AIR($r6) = 2.962812947558291;, AIR($r3) = 2.962812947558291;, AIR($r4) = 2.962812947558291;]
**Action: [AIR($r4) = 3.001489295976013;, AIR($r6) = 3.001489295976013;, AIR($r5) = 1.593610640626325;, AIR($r1) = 3.001489295976013;, AIR($r3) = 3.001489295976013;, AIR($r2) = 1.593610640626325;]
**Action: [AIR($r5) = 1.9533870119920904;, AIR($r6) = 2.976861325000125;, AIR($r1) = 2.976861325000125;, AIR($r4) = 2.976861325000125;, AIR($r3) = 2.976861325000125;, AIR($r2) = 1.9533870119920904;]
**Action: [AIR($r1) = 2.9909704678029767;, AIR($r5) = 1.8054095830601313;, AIR($r4) = 2.9909704678029767;, AIR($r3) = 2.9909704678029767;, AIR($r2) = 1.8054095830601313;, AIR($r6) = 2.9909704678029767;]
**Action: [AIR($r2) = 1.8667337233744818;, AIR($r6) = 2.983373793338302;, AIR($r4) = 2.983373793338302;, AIR($r1) = 2.983373793338302;, AIR($r3) = 2.983373793338302;, AIR($r5) = 1.8667337233744818;]
**Action: [AIR($r4) = 2.9873117148087305;, AIR($r6) = 2.9873117148087305;, AIR($r2) = 1.8413577113824842;, AIR($r3) = 2.9873117148087305;, AIR($r5) = 1.8413577113824842;, AIR($r1) = 2.9873117148087305;]
**Action: [AIR($r4) = 2.9853240187892793;, AIR($r6) = 2.9853240187892793;, AIR($r3) = 2.9853240187892793;, AIR($r5) = 1.8518830506688744;, AIR($r2) = 1.8518830506688744;, AIR($r1) = 2.9853240187892793;]
**Action: [AIR($r5) = 1.84751346128743;, AIR($r4) = 2.9863083440144624;, AIR($r1) = 2.9863083440144624;, AIR($r3) = 2.9863083440144624;, AIR($r6) = 2.9863083440144624;, AIR($r2) = 1.84751346128743;]
**Action: [AIR($r2) = 1.849330484631102;, AIR($r6) = 2.985827931714502;, AIR($r4) = 2.985827931714502;, AIR($r5) = 1.849330484631102;, AIR($r3) = 2.985827931714502;, AIR($r1) = 2.985827931714502;]
**Action: [AIR($r5) = 1.8485737781304379;, AIR($r2) = 1.8485737781304379;, AIR($r1) = 2.9860597759402396;, AIR($r3) = 2.9860597759402396;, AIR($r6) = 2.9860597759402396;, AIR($r4) = 2.9860597759402396;]
**Action: [AIR($r2) = 1.848889451188468;, AIR($r5) = 1.848889451188468;, AIR($r3) = 2.985948891456859;, AIR($r1) = 2.985948891456859;, AIR($r6) = 2.985948891456859;, AIR($r4) = 2.985948891456859;]
**Action: [AIR($r5) = 1.848757528412689;, AIR($r3) = 2.986001539195249;, AIR($r2) = 1.848757528412689;, AIR($r1) = 2.986001539195249;, AIR($r6) = 2.986001539195249;, AIR($r4) = 2.986001539195249;]
**Action: [AIR($r3) = 2.9859766918408837;, AIR($r6) = 2.9859766918408837;, AIR($r2) = 1.8488127656355446;, AIR($r4) = 2.9859766918408837;, AIR($r1) = 2.9859766918408837;, AIR($r5) = 1.8488127656355446;]
**Action: [AIR($r2) = 1.8487895906579055;, AIR($r6) = 2.9859883601420325;, AIR($r5) = 1.8487895906579055;, AIR($r3) = 2.9859883601420325;, AIR($r4) = 2.9859883601420325;, AIR($r1) = 2.9859883601420325;]
**Action: [AIR($r5) = 1.8487993345384068;, AIR($r6) = 2.9859829037540306;, AIR($r4) = 2.9859829037540306;, AIR($r1) = 2.9859829037540306;, AIR($r2) = 1.8487993345384068;, AIR($r3) = 2.9859829037540306;]

*********************************************************
>>> ROUND END, reward = -482550.76236103027
*********************************************************

*********************************************************
>>> ROUND INIT 1/1; time remaining = 1.7976931348623157E308, horizon = 20
*********************************************************
**Action: [AIR($r3) = 10.0;, AIR($r6) = 10.0;, AIR($r4) = 10.0;, AIR($r2) = 10.0;, AIR($r1) = 10.0;, AIR($r5) = 10.0;]
**Action: [AIR($r4) = 10.0;, AIR($r3) = 10.0;, AIR($r2) = 10.0;, AIR($r6) = 10.0;, AIR($r5) = 10.0;, AIR($r1) = 10.0;]
**Action: [AIR($r4) = 10.0;, AIR($r6) = 10.0;, AIR($r3) = 10.0;, AIR($r2) = 10.0;, AIR($r5) = 10.0;, AIR($r1) = 10.0;]
**Action: [AIR($r5) = 10.0;, AIR($r6) = 10.0;, AIR($r3) = 10.0;, AIR($r1) = 10.0;, AIR($r4) = 10.0;, AIR($r2) = 10.0;]
**Action: [AIR($r6) = 3.0010059948901766;, AIR($r4) = 3.0010059948901766;, AIR($r3) = 3.0010059948901766;, AIR($r5) = 0.0;, AIR($r1) = 3.0010059948901766;, AIR($r2) = 0.0;]
**Action: [AIR($r4) = 2.962812947558291;, AIR($r2) = 2.455908576632473;, AIR($r6) = 2.962812947558291;, AIR($r1) = 2.962812947558291;, AIR($r3) = 2.962812947558291;, AIR($r5) = 2.455908576632473;]
**Action: [AIR($r4) = 3.001489295976013;, AIR($r3) = 3.001489295976013;, AIR($r6) = 3.001489295976013;, AIR($r2) = 1.593610640626325;, AIR($r5) = 1.593610640626325;, AIR($r1) = 3.001489295976013;]
**Action: [AIR($r2) = 1.9533870119920904;, AIR($r4) = 2.976861325000125;, AIR($r1) = 2.976861325000125;, AIR($r6) = 2.976861325000125;, AIR($r5) = 1.9533870119920904;, AIR($r3) = 2.976861325000125;]
**Action: [AIR($r4) = 2.9909704678029767;, AIR($r2) = 1.8054095830601313;, AIR($r6) = 2.9909704678029767;, AIR($r5) = 1.8054095830601313;, AIR($r3) = 2.9909704678029767;, AIR($r1) = 2.9909704678029767;]
**Action: [AIR($r2) = 1.8667337233744818;, AIR($r5) = 1.8667337233744818;, AIR($r3) = 2.983373793338302;, AIR($r4) = 2.983373793338302;, AIR($r6) = 2.983373793338302;, AIR($r1) = 2.983373793338302;]
**Action: [AIR($r5) = 1.8413577113824842;, AIR($r1) = 2.9873117148087305;, AIR($r6) = 2.9873117148087305;, AIR($r3) = 2.9873117148087305;, AIR($r4) = 2.9873117148087305;, AIR($r2) = 1.8413577113824842;]
**Action: [AIR($r3) = 2.9853240187892793;, AIR($r4) = 2.9853240187892793;, AIR($r6) = 2.9853240187892793;, AIR($r2) = 1.8518830506688744;, AIR($r5) = 1.8518830506688744;, AIR($r1) = 2.9853240187892793;]
**Action: [AIR($r5) = 1.84751346128743;, AIR($r1) = 2.9863083440144624;, AIR($r6) = 2.9863083440144624;, AIR($r3) = 2.9863083440144624;, AIR($r2) = 1.84751346128743;, AIR($r4) = 2.9863083440144624;]
**Action: [AIR($r1) = 2.985827931714502;, AIR($r2) = 1.849330484631102;, AIR($r4) = 2.985827931714502;, AIR($r3) = 2.985827931714502;, AIR($r6) = 2.985827931714502;, AIR($r5) = 1.849330484631102;]
**Action: [AIR($r4) = 2.9860597759402396;, AIR($r3) = 2.9860597759402396;, AIR($r1) = 2.9860597759402396;, AIR($r5) = 1.8485737781304379;, AIR($r6) = 2.9860597759402396;, AIR($r2) = 1.8485737781304379;]
**Action: [AIR($r4) = 2.985948891456859;, AIR($r5) = 1.848889451188468;, AIR($r2) = 1.848889451188468;, AIR($r6) = 2.985948891456859;, AIR($r1) = 2.985948891456859;, AIR($r3) = 2.985948891456859;]
**Action: [AIR($r5) = 1.848757528412689;, AIR($r2) = 1.848757528412689;, AIR($r1) = 2.986001539195249;, AIR($r3) = 2.986001539195249;, AIR($r6) = 2.986001539195249;, AIR($r4) = 2.986001539195249;]
**Action: [AIR($r5) = 1.8488127656355446;, AIR($r1) = 2.9859766918408837;, AIR($r4) = 2.9859766918408837;, AIR($r3) = 2.9859766918408837;, AIR($r2) = 1.8488127656355446;, AIR($r6) = 2.9859766918408837;]
**Action: [AIR($r5) = 1.8487895906579055;, AIR($r4) = 2.9859883601420325;, AIR($r6) = 2.9859883601420325;, AIR($r1) = 2.9859883601420325;, AIR($r3) = 2.9859883601420325;, AIR($r2) = 1.8487895906579055;]
**Action: [AIR($r1) = 2.9859829037540306;, AIR($r4) = 2.9859829037540306;, AIR($r2) = 1.8487993345384068;, AIR($r6) = 2.9859829037540306;, AIR($r3) = 2.9859829037540306;, AIR($r5) = 1.8487993345384068;]

*********************************************************
>>> ROUND END, reward = -482550.76236103027
*********************************************************

*********************************************************
>>> ROUND INIT 1/1; time remaining = 1.7976931348623157E308, horizon = 20
*********************************************************
**Action: [AIR($r1) = 10.0;, AIR($r5) = 10.0;, AIR($r2) = 10.0;, AIR($r4) = 10.0;, AIR($r6) = 10.0;, AIR($r3) = 10.0;]
**Action: [AIR($r1) = 10.0;, AIR($r4) = 10.0;, AIR($r5) = 10.0;, AIR($r2) = 10.0;, AIR($r3) = 10.0;, AIR($r6) = 10.0;]
**Action: [AIR($r4) = 10.0;, AIR($r6) = 10.0;, AIR($r2) = 10.0;, AIR($r1) = 10.0;, AIR($r5) = 10.0;, AIR($r3) = 10.0;]
**Action: [AIR($r6) = 10.0;, AIR($r1) = 10.0;, AIR($r2) = 10.0;, AIR($r3) = 10.0;, AIR($r5) = 10.0;, AIR($r4) = 10.0;]
**Action: [AIR($r2) = 0.0;, AIR($r6) = 3.0010059948901766;, AIR($r1) = 3.0010059948901766;, AIR($r3) = 3.0010059948901766;, AIR($r4) = 3.0010059948901766;, AIR($r5) = 0.0;]
**Action: [AIR($r1) = 2.962812947558291;, AIR($r4) = 2.962812947558291;, AIR($r2) = 2.455908576632473;, AIR($r3) = 2.962812947558291;, AIR($r5) = 2.455908576632473;, AIR($r6) = 2.962812947558291;]
**Action: [AIR($r6) = 3.001489295976013;, AIR($r1) = 3.001489295976013;, AIR($r3) = 3.001489295976013;, AIR($r5) = 1.593610640626325;, AIR($r2) = 1.593610640626325;, AIR($r4) = 3.001489295976013;]
**Action: [AIR($r4) = 2.976861325000125;, AIR($r1) = 2.976861325000125;, AIR($r3) = 2.976861325000125;, AIR($r2) = 1.9533870119920904;, AIR($r6) = 2.976861325000125;, AIR($r5) = 1.9533870119920904;]
**Action: [AIR($r2) = 1.8054095830601313;, AIR($r6) = 2.9909704678029767;, AIR($r3) = 2.9909704678029767;, AIR($r5) = 1.8054095830601313;, AIR($r1) = 2.9909704678029767;, AIR($r4) = 2.9909704678029767;]
**Action: [AIR($r2) = 1.8667337233744818;, AIR($r4) = 2.983373793338302;, AIR($r1) = 2.983373793338302;, AIR($r3) = 2.983373793338302;, AIR($r5) = 1.8667337233744818;, AIR($r6) = 2.983373793338302;]
**Action: [AIR($r5) = 1.8413577113824842;, AIR($r4) = 2.9873117148087305;, AIR($r3) = 2.9873117148087305;, AIR($r2) = 1.8413577113824842;, AIR($r6) = 2.9873117148087305;, AIR($r1) = 2.9873117148087305;]
**Action: [AIR($r5) = 1.8518830506688744;, AIR($r3) = 2.9853240187892793;, AIR($r4) = 2.9853240187892793;, AIR($r6) = 2.9853240187892793;, AIR($r2) = 1.8518830506688744;, AIR($r1) = 2.9853240187892793;]
**Action: [AIR($r2) = 1.84751346128743;, AIR($r3) = 2.9863083440144624;, AIR($r5) = 1.84751346128743;, AIR($r1) = 2.9863083440144624;, AIR($r6) = 2.9863083440144624;, AIR($r4) = 2.9863083440144624;]
**Action: [AIR($r1) = 2.985827931714502;, AIR($r2) = 1.849330484631102;, AIR($r3) = 2.985827931714502;, AIR($r4) = 2.985827931714502;, AIR($r6) = 2.985827931714502;, AIR($r5) = 1.849330484631102;]
**Action: [AIR($r3) = 2.9860597759402396;, AIR($r4) = 2.9860597759402396;, AIR($r2) = 1.8485737781304379;, AIR($r5) = 1.8485737781304379;, AIR($r6) = 2.9860597759402396;, AIR($r1) = 2.9860597759402396;]
**Action: [AIR($r5) = 1.848889451188468;, AIR($r2) = 1.848889451188468;, AIR($r4) = 2.985948891456859;, AIR($r1) = 2.985948891456859;, AIR($r3) = 2.985948891456859;, AIR($r6) = 2.985948891456859;]
**Action: [AIR($r1) = 2.986001539195249;, AIR($r4) = 2.986001539195249;, AIR($r6) = 2.986001539195249;, AIR($r3) = 2.986001539195249;, AIR($r2) = 1.848757528412689;, AIR($r5) = 1.848757528412689;]
**Action: [AIR($r5) = 1.8488127656355446;, AIR($r3) = 2.9859766918408837;, AIR($r2) = 1.8488127656355446;, AIR($r4) = 2.9859766918408837;, AIR($r1) = 2.9859766918408837;, AIR($r6) = 2.9859766918408837;]
**Action: [AIR($r3) = 2.9859883601420325;, AIR($r1) = 2.9859883601420325;, AIR($r6) = 2.9859883601420325;, AIR($r2) = 1.8487895906579055;, AIR($r4) = 2.9859883601420325;, AIR($r5) = 1.8487895906579055;]
**Action: [AIR($r4) = 2.9859829037540306;, AIR($r5) = 1.8487993345384068;, AIR($r1) = 2.9859829037540306;, AIR($r6) = 2.9859829037540306;, AIR($r2) = 1.8487993345384068;, AIR($r3) = 2.9859829037540306;]

*********************************************************
>>> ROUND END, reward = -482550.76236103027
*********************************************************

*********************************************************
>>> ROUND INIT 1/1; time remaining = 1.7976931348623157E308, horizon = 20
*********************************************************
**Action: [AIR($r5) = 10.0;, AIR($r3) = 10.0;, AIR($r6) = 10.0;, AIR($r4) = 10.0;, AIR($r1) = 10.0;, AIR($r2) = 10.0;]
**Action: [AIR($r1) = 10.0;, AIR($r6) = 10.0;, AIR($r4) = 10.0;, AIR($r3) = 10.0;, AIR($r5) = 10.0;, AIR($r2) = 10.0;]
**Action: [AIR($r4) = 10.0;, AIR($r2) = 10.0;, AIR($r5) = 10.0;, AIR($r6) = 10.0;, AIR($r3) = 10.0;, AIR($r1) = 10.0;]
**Action: [AIR($r6) = 10.0;, AIR($r4) = 10.0;, AIR($r3) = 10.0;, AIR($r5) = 10.0;, AIR($r1) = 10.0;, AIR($r2) = 10.0;]
**Action: [AIR($r5) = 0.0;, AIR($r4) = 3.0010059948901766;, AIR($r6) = 3.0010059948901766;, AIR($r2) = 0.0;, AIR($r3) = 3.0010059948901766;, AIR($r1) = 3.0010059948901766;]
**Action: [AIR($r5) = 2.455908576632473;, AIR($r2) = 2.455908576632473;, AIR($r1) = 2.962812947558291;, AIR($r4) = 2.962812947558291;, AIR($r6) = 2.962812947558291;, AIR($r3) = 2.962812947558291;]
**Action: [AIR($r3) = 3.001489295976013;, AIR($r6) = 3.001489295976013;, AIR($r5) = 1.593610640626325;, AIR($r2) = 1.593610640626325;, AIR($r4) = 3.001489295976013;, AIR($r1) = 3.001489295976013;]
**Action: [AIR($r5) = 1.9533870119920904;, AIR($r3) = 2.976861325000125;, AIR($r4) = 2.976861325000125;, AIR($r2) = 1.9533870119920904;, AIR($r6) = 2.976861325000125;, AIR($r1) = 2.976861325000125;]
**Action: [AIR($r4) = 2.9909704678029767;, AIR($r5) = 1.8054095830601313;, AIR($r2) = 1.8054095830601313;, AIR($r6) = 2.9909704678029767;, AIR($r3) = 2.9909704678029767;, AIR($r1) = 2.9909704678029767;]
**Action: [AIR($r6) = 2.983373793338302;, AIR($r5) = 1.8667337233744818;, AIR($r3) = 2.983373793338302;, AIR($r4) = 2.983373793338302;, AIR($r2) = 1.8667337233744818;, AIR($r1) = 2.983373793338302;]
**Action: [AIR($r5) = 1.8413577113824842;, AIR($r3) = 2.9873117148087305;, AIR($r1) = 2.9873117148087305;, AIR($r4) = 2.9873117148087305;, AIR($r6) = 2.9873117148087305;, AIR($r2) = 1.8413577113824842;]
**Action: [AIR($r3) = 2.9853240187892793;, AIR($r5) = 1.8518830506688744;, AIR($r6) = 2.9853240187892793;, AIR($r2) = 1.8518830506688744;, AIR($r1) = 2.9853240187892793;, AIR($r4) = 2.9853240187892793;]
**Action: [AIR($r5) = 1.84751346128743;, AIR($r4) = 2.9863083440144624;, AIR($r6) = 2.9863083440144624;, AIR($r3) = 2.9863083440144624;, AIR($r2) = 1.84751346128743;, AIR($r1) = 2.9863083440144624;]
**Action: [AIR($r2) = 1.849330484631102;, AIR($r5) = 1.849330484631102;, AIR($r3) = 2.985827931714502;, AIR($r4) = 2.985827931714502;, AIR($r6) = 2.985827931714502;, AIR($r1) = 2.985827931714502;]
**Action: [AIR($r2) = 1.8485737781304379;, AIR($r4) = 2.9860597759402396;, AIR($r3) = 2.9860597759402396;, AIR($r6) = 2.9860597759402396;, AIR($r5) = 1.8485737781304379;, AIR($r1) = 2.9860597759402396;]
**Action: [AIR($r6) = 2.985948891456859;, AIR($r5) = 1.848889451188468;, AIR($r1) = 2.985948891456859;, AIR($r3) = 2.985948891456859;, AIR($r2) = 1.848889451188468;, AIR($r4) = 2.985948891456859;]
**Action: [AIR($r3) = 2.986001539195249;, AIR($r2) = 1.848757528412689;, AIR($r1) = 2.986001539195249;, AIR($r5) = 1.848757528412689;, AIR($r4) = 2.986001539195249;, AIR($r6) = 2.986001539195249;]
**Action: [AIR($r4) = 2.9859766918408837;, AIR($r5) = 1.8488127656355446;, AIR($r2) = 1.8488127656355446;, AIR($r6) = 2.9859766918408837;, AIR($r1) = 2.9859766918408837;, AIR($r3) = 2.9859766918408837;]
**Action: [AIR($r3) = 2.9859883601420325;, AIR($r4) = 2.9859883601420325;, AIR($r6) = 2.9859883601420325;, AIR($r5) = 1.8487895906579055;, AIR($r2) = 1.8487895906579055;, AIR($r1) = 2.9859883601420325;]
**Action: [AIR($r3) = 2.9859829037540306;, AIR($r5) = 1.8487993345384068;, AIR($r6) = 2.9859829037540306;, AIR($r4) = 2.9859829037540306;, AIR($r2) = 1.8487993345384068;, AIR($r1) = 2.9859829037540306;]

*********************************************************
>>> ROUND END, reward = -482550.76236103027
*********************************************************

*********************************************************
>>> ROUND INIT 1/1; time remaining = 1.7976931348623157E308, horizon = 20
*********************************************************
**Action: [AIR($r2) = 10.0;, AIR($r5) = 10.0;, AIR($r4) = 10.0;, AIR($r3) = 10.0;, AIR($r6) = 10.0;, AIR($r1) = 10.0;]
**Action: [AIR($r4) = 10.0;, AIR($r1) = 10.0;, AIR($r6) = 10.0;, AIR($r5) = 10.0;, AIR($r2) = 10.0;, AIR($r3) = 10.0;]
**Action: [AIR($r3) = 10.0;, AIR($r2) = 10.0;, AIR($r4) = 10.0;, AIR($r1) = 10.0;, AIR($r6) = 10.0;, AIR($r5) = 10.0;]
**Action: [AIR($r6) = 10.0;, AIR($r2) = 10.0;, AIR($r3) = 10.0;, AIR($r4) = 10.0;, AIR($r1) = 10.0;, AIR($r5) = 10.0;]
**Action: [AIR($r1) = 3.0010059948901766;, AIR($r5) = 0.0;, AIR($r3) = 3.0010059948901766;, AIR($r2) = 0.0;, AIR($r4) = 3.0010059948901766;, AIR($r6) = 3.0010059948901766;]
**Action: [AIR($r5) = 2.455908576632473;, AIR($r6) = 2.962812947558291;, AIR($r2) = 2.455908576632473;, AIR($r3) = 2.962812947558291;, AIR($r4) = 2.962812947558291;, AIR($r1) = 2.962812947558291;]
**Action: [AIR($r6) = 3.001489295976013;, AIR($r1) = 3.001489295976013;, AIR($r4) = 3.001489295976013;, AIR($r2) = 1.593610640626325;, AIR($r3) = 3.001489295976013;, AIR($r5) = 1.593610640626325;]
**Action: [AIR($r2) = 1.9533870119920904;, AIR($r5) = 1.9533870119920904;, AIR($r6) = 2.976861325000125;, AIR($r1) = 2.976861325000125;, AIR($r4) = 2.976861325000125;, AIR($r3) = 2.976861325000125;]
**Action: [AIR($r1) = 2.9909704678029767;, AIR($r3) = 2.9909704678029767;, AIR($r2) = 1.8054095830601313;, AIR($r5) = 1.8054095830601313;, AIR($r4) = 2.9909704678029767;, AIR($r6) = 2.9909704678029767;]
**Action: [AIR($r3) = 2.983373793338302;, AIR($r1) = 2.983373793338302;, AIR($r5) = 1.8667337233744818;, AIR($r2) = 1.8667337233744818;, AIR($r6) = 2.983373793338302;, AIR($r4) = 2.983373793338302;]
**Action: [AIR($r5) = 1.8413577113824842;, AIR($r2) = 1.8413577113824842;, AIR($r6) = 2.9873117148087305;, AIR($r1) = 2.9873117148087305;, AIR($r3) = 2.9873117148087305;, AIR($r4) = 2.9873117148087305;]
**Action: [AIR($r6) = 2.9853240187892793;, AIR($r2) = 1.8518830506688744;, AIR($r3) = 2.9853240187892793;, AIR($r1) = 2.9853240187892793;, AIR($r5) = 1.8518830506688744;, AIR($r4) = 2.9853240187892793;]
**Action: [AIR($r6) = 2.9863083440144624;, AIR($r1) = 2.9863083440144624;, AIR($r3) = 2.9863083440144624;, AIR($r4) = 2.9863083440144624;, AIR($r2) = 1.84751346128743;, AIR($r5) = 1.84751346128743;]
**Action: [AIR($r1) = 2.985827931714502;, AIR($r5) = 1.849330484631102;, AIR($r4) = 2.985827931714502;, AIR($r2) = 1.849330484631102;, AIR($r3) = 2.985827931714502;, AIR($r6) = 2.985827931714502;]
**Action: [AIR($r2) = 1.8485737781304379;, AIR($r6) = 2.9860597759402396;, AIR($r1) = 2.9860597759402396;, AIR($r5) = 1.8485737781304379;, AIR($r4) = 2.9860597759402396;, AIR($r3) = 2.9860597759402396;]
**Action: [AIR($r4) = 2.985948891456859;, AIR($r3) = 2.985948891456859;, AIR($r6) = 2.985948891456859;, AIR($r2) = 1.848889451188468;, AIR($r5) = 1.848889451188468;, AIR($r1) = 2.985948891456859;]
**Action: [AIR($r1) = 2.986001539195249;, AIR($r2) = 1.848757528412689;, AIR($r4) = 2.986001539195249;, AIR($r5) = 1.848757528412689;, AIR($r3) = 2.986001539195249;, AIR($r6) = 2.986001539195249;]
**Action: [AIR($r3) = 2.9859766918408837;, AIR($r6) = 2.9859766918408837;, AIR($r2) = 1.8488127656355446;, AIR($r1) = 2.9859766918408837;, AIR($r5) = 1.8488127656355446;, AIR($r4) = 2.9859766918408837;]
**Action: [AIR($r4) = 2.9859883601420325;, AIR($r2) = 1.8487895906579055;, AIR($r3) = 2.9859883601420325;, AIR($r1) = 2.9859883601420325;, AIR($r5) = 1.8487895906579055;, AIR($r6) = 2.9859883601420325;]
**Action: [AIR($r3) = 2.9859829037540306;, AIR($r6) = 2.9859829037540306;, AIR($r2) = 1.8487993345384068;, AIR($r4) = 2.9859829037540306;, AIR($r5) = 1.8487993345384068;, AIR($r1) = 2.9859829037540306;]

*********************************************************
>>> ROUND END, reward = -482550.76236103027
*********************************************************

*********************************************************
>>> ROUND INIT 1/1; time remaining = 1.7976931348623157E308, horizon = 20
*********************************************************
**Action: [AIR($r2) = 10.0;, AIR($r4) = 10.0;, AIR($r1) = 10.0;, AIR($r6) = 10.0;, AIR($r5) = 10.0;, AIR($r3) = 10.0;]
**Action: [AIR($r1) = 10.0;, AIR($r6) = 10.0;, AIR($r2) = 10.0;, AIR($r5) = 10.0;, AIR($r3) = 10.0;, AIR($r4) = 10.0;]
**Action: [AIR($r3) = 10.0;, AIR($r1) = 10.0;, AIR($r4) = 10.0;, AIR($r6) = 10.0;, AIR($r2) = 10.0;, AIR($r5) = 10.0;]
**Action: [AIR($r6) = 10.0;, AIR($r5) = 10.0;, AIR($r4) = 10.0;, AIR($r2) = 10.0;, AIR($r1) = 10.0;, AIR($r3) = 10.0;]
**Action: [AIR($r2) = 0.0;, AIR($r5) = 0.0;, AIR($r1) = 3.0010059948901766;, AIR($r6) = 3.0010059948901766;, AIR($r4) = 3.0010059948901766;, AIR($r3) = 3.0010059948901766;]
**Action: [AIR($r2) = 2.455908576632473;, AIR($r1) = 2.962812947558291;, AIR($r5) = 2.455908576632473;, AIR($r6) = 2.962812947558291;, AIR($r3) = 2.962812947558291;, AIR($r4) = 2.962812947558291;]
**Action: [AIR($r4) = 3.001489295976013;, AIR($r5) = 1.593610640626325;, AIR($r3) = 3.001489295976013;, AIR($r6) = 3.001489295976013;, AIR($r1) = 3.001489295976013;, AIR($r2) = 1.593610640626325;]
**Action: [AIR($r1) = 2.976861325000125;, AIR($r2) = 1.9533870119920904;, AIR($r6) = 2.976861325000125;, AIR($r3) = 2.976861325000125;, AIR($r4) = 2.976861325000125;, AIR($r5) = 1.9533870119920904;]
**Action: [AIR($r6) = 2.9909704678029767;, AIR($r4) = 2.9909704678029767;, AIR($r2) = 1.8054095830601313;, AIR($r1) = 2.9909704678029767;, AIR($r5) = 1.8054095830601313;, AIR($r3) = 2.9909704678029767;]
**Action: [AIR($r4) = 2.983373793338302;, AIR($r1) = 2.983373793338302;, AIR($r5) = 1.8667337233744818;, AIR($r3) = 2.983373793338302;, AIR($r6) = 2.983373793338302;, AIR($r2) = 1.8667337233744818;]
**Action: [AIR($r6) = 2.9873117148087305;, AIR($r2) = 1.8413577113824842;, AIR($r4) = 2.9873117148087305;, AIR($r5) = 1.8413577113824842;, AIR($r1) = 2.9873117148087305;, AIR($r3) = 2.9873117148087305;]
**Action: [AIR($r3) = 2.9853240187892793;, AIR($r5) = 1.8518830506688744;, AIR($r6) = 2.9853240187892793;, AIR($r1) = 2.9853240187892793;, AIR($r4) = 2.9853240187892793;, AIR($r2) = 1.8518830506688744;]
**Action: [AIR($r6) = 2.9863083440144624;, AIR($r3) = 2.9863083440144624;, AIR($r4) = 2.9863083440144624;, AIR($r1) = 2.9863083440144624;, AIR($r2) = 1.84751346128743;, AIR($r5) = 1.84751346128743;]
**Action: [AIR($r1) = 2.985827931714502;, AIR($r5) = 1.849330484631102;, AIR($r3) = 2.985827931714502;, AIR($r2) = 1.849330484631102;, AIR($r4) = 2.985827931714502;, AIR($r6) = 2.985827931714502;]
**Action: [AIR($r4) = 2.9860597759402396;, AIR($r3) = 2.9860597759402396;, AIR($r2) = 1.8485737781304379;, AIR($r5) = 1.8485737781304379;, AIR($r1) = 2.9860597759402396;, AIR($r6) = 2.9860597759402396;]
**Action: [AIR($r4) = 2.985948891456859;, AIR($r5) = 1.848889451188468;, AIR($r1) = 2.985948891456859;, AIR($r6) = 2.985948891456859;, AIR($r2) = 1.848889451188468;, AIR($r3) = 2.985948891456859;]
**Action: [AIR($r1) = 2.986001539195249;, AIR($r3) = 2.986001539195249;, AIR($r4) = 2.986001539195249;, AIR($r6) = 2.986001539195249;, AIR($r2) = 1.848757528412689;, AIR($r5) = 1.848757528412689;]
**Action: [AIR($r6) = 2.9859766918408837;, AIR($r4) = 2.9859766918408837;, AIR($r3) = 2.9859766918408837;, AIR($r1) = 2.9859766918408837;, AIR($r2) = 1.8488127656355446;, AIR($r5) = 1.8488127656355446;]
**Action: [AIR($r2) = 1.8487895906579055;, AIR($r3) = 2.9859883601420325;, AIR($r4) = 2.9859883601420325;, AIR($r1) = 2.9859883601420325;, AIR($r5) = 1.8487895906579055;, AIR($r6) = 2.9859883601420325;]
**Action: [AIR($r6) = 2.9859829037540306;, AIR($r3) = 2.9859829037540306;, AIR($r2) = 1.8487993345384068;, AIR($r5) = 1.8487993345384068;, AIR($r1) = 2.9859829037540306;, AIR($r4) = 2.9859829037540306;]

*********************************************************
>>> ROUND END, reward = -482550.76236103027
*********************************************************

*********************************************************
>>> ROUND INIT 1/1; time remaining = 1.7976931348623157E308, horizon = 20
*********************************************************
**Action: [AIR($r6) = 10.0;, AIR($r3) = 10.0;, AIR($r2) = 10.0;, AIR($r1) = 10.0;, AIR($r5) = 10.0;, AIR($r4) = 10.0;]
**Action: [AIR($r4) = 10.0;, AIR($r5) = 10.0;, AIR($r2) = 10.0;, AIR($r6) = 10.0;, AIR($r1) = 10.0;, AIR($r3) = 10.0;]
**Action: [AIR($r4) = 10.0;, AIR($r1) = 10.0;, AIR($r2) = 10.0;, AIR($r3) = 10.0;, AIR($r5) = 10.0;, AIR($r6) = 10.0;]
**Action: [AIR($r2) = 10.0;, AIR($r6) = 10.0;, AIR($r3) = 10.0;, AIR($r4) = 10.0;, AIR($r5) = 10.0;, AIR($r1) = 10.0;]
**Action: [AIR($r4) = 3.0010059948901766;, AIR($r6) = 3.0010059948901766;, AIR($r2) = 0.0;, AIR($r3) = 3.0010059948901766;, AIR($r5) = 0.0;, AIR($r1) = 3.0010059948901766;]
**Action: [AIR($r1) = 2.962812947558291;, AIR($r2) = 2.455908576632473;, AIR($r6) = 2.962812947558291;, AIR($r4) = 2.962812947558291;, AIR($r5) = 2.455908576632473;, AIR($r3) = 2.962812947558291;]
**Action: [AIR($r1) = 3.001489295976013;, AIR($r5) = 1.593610640626325;, AIR($r6) = 3.001489295976013;, AIR($r4) = 3.001489295976013;, AIR($r3) = 3.001489295976013;, AIR($r2) = 1.593610640626325;]
**Action: [AIR($r1) = 2.976861325000125;, AIR($r5) = 1.9533870119920904;, AIR($r3) = 2.976861325000125;, AIR($r4) = 2.976861325000125;, AIR($r6) = 2.976861325000125;, AIR($r2) = 1.9533870119920904;]
**Action: [AIR($r5) = 1.8054095830601313;, AIR($r1) = 2.9909704678029767;, AIR($r4) = 2.9909704678029767;, AIR($r2) = 1.8054095830601313;, AIR($r3) = 2.9909704678029767;, AIR($r6) = 2.9909704678029767;]
**Action: [AIR($r3) = 2.983373793338302;, AIR($r1) = 2.983373793338302;, AIR($r6) = 2.983373793338302;, AIR($r2) = 1.8667337233744818;, AIR($r5) = 1.8667337233744818;, AIR($r4) = 2.983373793338302;]
**Action: [AIR($r5) = 1.8413577113824842;, AIR($r4) = 2.9873117148087305;, AIR($r2) = 1.8413577113824842;, AIR($r3) = 2.9873117148087305;, AIR($r1) = 2.9873117148087305;, AIR($r6) = 2.9873117148087305;]
**Action: [AIR($r4) = 2.9853240187892793;, AIR($r1) = 2.9853240187892793;, AIR($r3) = 2.9853240187892793;, AIR($r5) = 1.8518830506688744;, AIR($r2) = 1.8518830506688744;, AIR($r6) = 2.9853240187892793;]
**Action: [AIR($r2) = 1.84751346128743;, AIR($r4) = 2.9863083440144624;, AIR($r5) = 1.84751346128743;, AIR($r3) = 2.9863083440144624;, AIR($r1) = 2.9863083440144624;, AIR($r6) = 2.9863083440144624;]
**Action: [AIR($r2) = 1.849330484631102;, AIR($r6) = 2.985827931714502;, AIR($r4) = 2.985827931714502;, AIR($r5) = 1.849330484631102;, AIR($r1) = 2.985827931714502;, AIR($r3) = 2.985827931714502;]
**Action: [AIR($r2) = 1.8485737781304379;, AIR($r6) = 2.9860597759402396;, AIR($r3) = 2.9860597759402396;, AIR($r5) = 1.8485737781304379;, AIR($r4) = 2.9860597759402396;, AIR($r1) = 2.9860597759402396;]
**Action: [AIR($r1) = 2.985948891456859;, AIR($r2) = 1.848889451188468;, AIR($r3) = 2.985948891456859;, AIR($r5) = 1.848889451188468;, AIR($r4) = 2.985948891456859;, AIR($r6) = 2.985948891456859;]
**Action: [AIR($r2) = 1.848757528412689;, AIR($r1) = 2.986001539195249;, AIR($r6) = 2.986001539195249;, AIR($r3) = 2.986001539195249;, AIR($r5) = 1.848757528412689;, AIR($r4) = 2.986001539195249;]
**Action: [AIR($r6) = 2.9859766918408837;, AIR($r2) = 1.8488127656355446;, AIR($r1) = 2.9859766918408837;, AIR($r5) = 1.8488127656355446;, AIR($r4) = 2.9859766918408837;, AIR($r3) = 2.9859766918408837;]
**Action: [AIR($r5) = 1.8487895906579055;, AIR($r4) = 2.9859883601420325;, AIR($r6) = 2.9859883601420325;, AIR($r1) = 2.9859883601420325;, AIR($r3) = 2.9859883601420325;, AIR($r2) = 1.8487895906579055;]
**Action: [AIR($r2) = 1.8487993345384068;, AIR($r6) = 2.9859829037540306;, AIR($r1) = 2.9859829037540306;, AIR($r4) = 2.9859829037540306;, AIR($r5) = 1.8487993345384068;, AIR($r3) = 2.9859829037540306;]

*********************************************************
>>> ROUND END, reward = -482550.76236103027
*********************************************************

*********************************************************
>>> ROUND INIT 1/1; time remaining = 1.7976931348623157E308, horizon = 20
*********************************************************
**Action: [AIR($r6) = 10.0;, AIR($r3) = 10.0;, AIR($r5) = 10.0;, AIR($r1) = 10.0;, AIR($r2) = 10.0;, AIR($r4) = 10.0;]
**Action: [AIR($r6) = 10.0;, AIR($r5) = 10.0;, AIR($r2) = 10.0;, AIR($r3) = 10.0;, AIR($r1) = 10.0;, AIR($r4) = 10.0;]
**Action: [AIR($r5) = 10.0;, AIR($r3) = 10.0;, AIR($r6) = 10.0;, AIR($r4) = 10.0;, AIR($r2) = 10.0;, AIR($r1) = 10.0;]
**Action: [AIR($r3) = 10.0;, AIR($r1) = 10.0;, AIR($r5) = 10.0;, AIR($r6) = 10.0;, AIR($r2) = 10.0;, AIR($r4) = 10.0;]
**Action: [AIR($r1) = 3.0010059948901766;, AIR($r6) = 3.0010059948901766;, AIR($r5) = 0.0;, AIR($r4) = 3.0010059948901766;, AIR($r2) = 0.0;, AIR($r3) = 3.0010059948901766;]
**Action: [AIR($r1) = 2.962812947558291;, AIR($r5) = 2.455908576632473;, AIR($r6) = 2.962812947558291;, AIR($r4) = 2.962812947558291;, AIR($r3) = 2.962812947558291;, AIR($r2) = 2.455908576632473;]
**Action: [AIR($r5) = 1.593610640626325;, AIR($r4) = 3.001489295976013;, AIR($r6) = 3.001489295976013;, AIR($r1) = 3.001489295976013;, AIR($r3) = 3.001489295976013;, AIR($r2) = 1.593610640626325;]
**Action: [AIR($r3) = 2.976861325000125;, AIR($r1) = 2.976861325000125;, AIR($r4) = 2.976861325000125;, AIR($r5) = 1.9533870119920904;, AIR($r2) = 1.9533870119920904;, AIR($r6) = 2.976861325000125;]
**Action: [AIR($r3) = 2.9909704678029767;, AIR($r2) = 1.8054095830601313;, AIR($r1) = 2.9909704678029767;, AIR($r6) = 2.9909704678029767;, AIR($r5) = 1.8054095830601313;, AIR($r4) = 2.9909704678029767;]
**Action: [AIR($r5) = 1.8667337233744818;, AIR($r1) = 2.983373793338302;, AIR($r6) = 2.983373793338302;, AIR($r3) = 2.983373793338302;, AIR($r4) = 2.983373793338302;, AIR($r2) = 1.8667337233744818;]
**Action: [AIR($r6) = 2.9873117148087305;, AIR($r1) = 2.9873117148087305;, AIR($r5) = 1.8413577113824842;, AIR($r2) = 1.8413577113824842;, AIR($r3) = 2.9873117148087305;, AIR($r4) = 2.9873117148087305;]
**Action: [AIR($r4) = 2.9853240187892793;, AIR($r2) = 1.8518830506688744;, AIR($r1) = 2.9853240187892793;, AIR($r5) = 1.8518830506688744;, AIR($r6) = 2.9853240187892793;, AIR($r3) = 2.9853240187892793;]
**Action: [AIR($r3) = 2.9863083440144624;, AIR($r5) = 1.84751346128743;, AIR($r1) = 2.9863083440144624;, AIR($r6) = 2.9863083440144624;, AIR($r4) = 2.9863083440144624;, AIR($r2) = 1.84751346128743;]
**Action: [AIR($r6) = 2.985827931714502;, AIR($r3) = 2.985827931714502;, AIR($r1) = 2.985827931714502;, AIR($r4) = 2.985827931714502;, AIR($r2) = 1.849330484631102;, AIR($r5) = 1.849330484631102;]
**Action: [AIR($r4) = 2.9860597759402396;, AIR($r5) = 1.8485737781304379;, AIR($r6) = 2.9860597759402396;, AIR($r1) = 2.9860597759402396;, AIR($r2) = 1.8485737781304379;, AIR($r3) = 2.9860597759402396;]
**Action: [AIR($r1) = 2.985948891456859;, AIR($r2) = 1.848889451188468;, AIR($r3) = 2.985948891456859;, AIR($r6) = 2.985948891456859;, AIR($r4) = 2.985948891456859;, AIR($r5) = 1.848889451188468;]
**Action: [AIR($r3) = 2.986001539195249;, AIR($r2) = 1.848757528412689;, AIR($r1) = 2.986001539195249;, AIR($r6) = 2.986001539195249;, AIR($r4) = 2.986001539195249;, AIR($r5) = 1.848757528412689;]
**Action: [AIR($r2) = 1.8488127656355446;, AIR($r3) = 2.9859766918408837;, AIR($r4) = 2.9859766918408837;, AIR($r6) = 2.9859766918408837;, AIR($r5) = 1.8488127656355446;, AIR($r1) = 2.9859766918408837;]
**Action: [AIR($r4) = 2.9859883601420325;, AIR($r3) = 2.9859883601420325;, AIR($r1) = 2.9859883601420325;, AIR($r2) = 1.8487895906579055;, AIR($r6) = 2.9859883601420325;, AIR($r5) = 1.8487895906579055;]
**Action: [AIR($r3) = 2.9859829037540306;, AIR($r5) = 1.8487993345384068;, AIR($r4) = 2.9859829037540306;, AIR($r6) = 2.9859829037540306;, AIR($r1) = 2.9859829037540306;, AIR($r2) = 1.8487993345384068;]

*********************************************************
>>> ROUND END, reward = -482550.76236103027
